1,143d0
< 00000000  00 ea 83 f3 73 74 61 79  69 6e 20 61 6c 69 76 65  |....stayin alive|
< 00000010  00 00 00 00 00 00 00 00  00 00 00 00 00 00 00 00  |................|
< 00000020  00 00 00 00 00 00 00 00  00 00 00 00 00 00 00 00  |................|
< 00000030  00 00 00 00 00 00 00 00  00 00 00 00 00 00 00 00  |................|
< 00000040  00 00 00 00 00 00 00 00  00 00 00 00 00 00 00 00  |................|
< 00000050  00 00 00 00 00 00 00 00  00 00 00 00 00 00 00 00  |................|
< 00000060  00 00 00 00 00 00 00 00  00 00 00 00 00 00 00 00  |................|
< 00000070  00 00 00 00 00 00 00 00  00 00 00 00 00 00 00 00  |................|
< 00000080  00 00 00 00 00 00 00 00  00 00 00 47 48 61 20 48  |...........GHa H|
< 00000090  61 20 48 61 20 73 74 61  79 69 69 69 69 69 6e 20  |a Ha stayiiiiin |
< 000000a0  61 6c 69 69 69 69 69 69  69 69 69 69 76 65 00 00  |aliiiiiiiiiive..|
< 000000b0  00 00 00 00 00 00 00 00  00 00 00 00 00 00 00 00  |................|
< 000000c0  00 00 00 00 00 00 00 00  00 00 00 00 00 00 00 00  |................|
< 000000d0  00 00 00 00 00 00 00 00  00 00 00 00 00 00 00 00  |................|
< 000000e0  00 00 00 00 00 00 00 00  00 00 00 00 00 00 00 00  |................|
< 000000f0  00 00 00 00 00 00 00 00  00 00 00 00 00 00 00 00  |................|
< 00000100  00 00 00 00 00 00 00 00  00 00 00 00 00 00 00 00  |................|
< 00000110  00 00 00 00 00 00 00 00  00 00 00 00 00 00 00 00  |................|
< 00000120  00 00 00 00 00 00 00 00  00 00 00 00 00 00 00 00  |................|
< 00000130  00 00 00 00 00 00 00 00  00 00 00 00 00 00 00 00  |................|
< 00000140  00 00 00 00 00 00 00 00  00 00 00 00 00 00 00 00  |................|
< 00000150  00 00 00 00 00 00 00 00  00 00 00 00 00 00 00 00  |................|
< 00000160  00 00 00 00 00 00 00 00  00 00 00 00 00 00 00 00  |................|
< 00000170  00 00 00 00 00 00 00 00  00 00 00 00 00 00 00 00  |................|
< 00000180  00 00 00 00 00 00 00 00  00 00 00 00 00 00 00 00  |................|
< 00000190  00 00 00 00 00 00 00 00  00 00 00 00 00 00 00 00  |................|
< 000001a0  00 00 00 00 00 00 00 00  00 00 00 00 00 00 00 00  |................|
< 000001b0  00 00 00 00 00 00 00 00  00 00 00 00 00 00 00 00  |................|
< 000001c0  00 00 00 00 00 00 00 00  00 00 00 00 00 00 00 00  |................|
< 000001d0  00 00 00 00 00 00 00 00  00 00 00 00 00 00 00 00  |................|
< 000001e0  00 00 00 00 00 00 00 00  00 00 00 00 00 00 00 00  |................|
< 000001f0  00 00 00 00 00 00 00 00  00 00 00 00 00 00 00 00  |................|
< 00000200  00 00 00 00 00 00 00 00  00 00 00 00 00 00 00 00  |................|
< 00000210  00 00 00 00 00 00 00 00  00 00 00 00 00 00 00 00  |................|
< 00000220  00 00 00 00 00 00 00 00  00 00 00 00 00 00 00 00  |................|
< 00000230  00 00 00 00 00 00 00 00  00 00 00 00 00 00 00 00  |................|
< 00000240  00 00 00 00 00 00 00 00  00 00 00 00 00 00 00 00  |................|
< 00000250  00 00 00 00 00 00 00 00  00 00 00 00 00 00 00 00  |................|
< 00000260  00 00 00 00 00 00 00 00  00 00 00 00 00 00 00 00  |................|
< 00000270  00 00 00 00 00 00 00 00  00 00 00 00 00 00 00 00  |................|
< 00000280  00 00 00 00 00 00 00 00  00 00 00 00 00 00 00 00  |................|
< 00000290  00 00 00 00 00 00 00 00  00 00 00 00 00 00 00 00  |................|
< 000002a0  00 00 00 00 00 00 00 00  00 00 00 00 00 00 00 00  |................|
< 000002b0  00 00 00 00 00 00 00 00  00 00 00 00 00 00 00 00  |................|
< 000002c0  00 00 00 00 00 00 00 00  00 00 00 00 00 00 00 00  |................|
< 000002d0  00 00 00 00 00 00 00 00  00 00 00 00 00 00 00 00  |................|
< 000002e0  00 00 00 00 00 00 00 00  00 00 00 00 00 00 00 00  |................|
< 000002f0  00 00 00 00 00 00 00 00  00 00 00 00 00 00 00 00  |................|
< 00000300  00 00 00 00 00 00 00 00  00 00 00 00 00 00 00 00  |................|
< 00000310  00 00 00 00 00 00 00 00  00 00 00 00 00 00 00 00  |................|
< 00000320  00 00 00 00 00 00 00 00  00 00 00 00 00 00 00 00  |................|
< 00000330  00 00 00 00 00 00 00 00  00 00 00 00 00 00 00 00  |................|
< 00000340  00 00 00 00 00 00 00 00  00 00 00 00 00 00 00 00  |................|
< 00000350  00 00 00 00 00 00 00 00  00 00 00 00 00 00 00 00  |................|
< 00000360  00 00 00 00 00 00 00 00  00 00 00 00 00 00 00 00  |................|
< 00000370  00 00 00 00 00 00 00 00  00 00 00 00 00 00 00 00  |................|
< 00000380  00 00 00 00 00 00 00 00  00 00 00 00 00 00 00 00  |................|
< 00000390  00 00 00 00 00 00 00 00  00 00 00 00 00 00 00 00  |................|
< 000003a0  00 00 00 00 00 00 00 00  00 00 00 00 00 00 00 00  |................|
< 000003b0  00 00 00 00 00 00 00 00  00 00 00 00 00 00 00 00  |................|
< 000003c0  00 00 00 00 00 00 00 00  00 00 00 00 00 00 00 00  |................|
< 000003d0  00 00 00 00 00 00 00 00  00 00 00 00 00 00 00 00  |................|
< 000003e0  00 00 00 00 00 00 00 00  00 00 00 00 00 00 00 00  |................|
< 000003f0  00 00 00 00 00 00 00 00  00 00 00 00 00 00 00 00  |................|
< 00000400  00 00 00 00 00 00 00 00  00 00 00 00 00 00 00 00  |................|
< 00000410  00 00 00 00 00 00 00 00  00 00 00 00 00 00 00 00  |................|
< 00000420  00 00 00 00 00 00 00 00  00 00 00 00 00 00 00 00  |................|
< 00000430  00 00 00 00 00 00 00 00  00 00 00 00 00 00 00 00  |................|
< 00000440  00 00 00 00 00 00 00 00  00 00 00 00 00 00 00 00  |................|
< 00000450  00 00 00 00 00 00 00 00  00 00 00 00 00 00 00 00  |................|
< 00000460  00 00 00 00 00 00 00 00  00 00 00 00 00 00 00 00  |................|
< 00000470  00 00 00 00 00 00 00 00  00 00 00 00 00 00 00 00  |................|
< 00000480  00 00 00 00 00 00 00 00  00 00 00 00 00 00 00 00  |................|
< 00000490  00 00 00 00 00 00 00 00  00 00 00 00 00 00 00 00  |................|
< 000004a0  00 00 00 00 00 00 00 00  00 00 00 00 00 00 00 00  |................|
< 000004b0  00 00 00 00 00 00 00 00  00 00 00 00 00 00 00 00  |................|
< 000004c0  00 00 00 00 00 00 00 00  00 00 00 00 00 00 00 00  |................|
< 000004d0  00 00 00 00 00 00 00 00  00 00 00 00 00 00 00 00  |................|
< 000004e0  00 00 00 00 00 00 00 00  00 00 00 00 00 00 00 00  |................|
< 000004f0  00 00 00 00 00 00 00 00  00 00 00 00 00 00 00 00  |................|
< 00000500  00 00 00 00 00 00 00 00  00 00 00 00 00 00 00 00  |................|
< 00000510  00 00 00 00 00 00 00 00  00 00 00 00 00 00 00 00  |................|
< 00000520  00 00 00 00 00 00 00 00  00 00 00 00 00 00 00 00  |................|
< 00000530  00 00 00 00 00 00 00 00  00 00 00 00 00 00 00 00  |................|
< 00000540  00 00 00 00 00 00 00 00  00 00 00 00 00 00 00 00  |................|
< 00000550  00 00 00 00 00 00 00 00  00 00 00 00 00 00 00 00  |................|
< 00000560  00 00 00 00 00 00 00 00  00 00 00 00 00 00 00 00  |................|
< 00000570  00 00 00 00 00 00 00 00  00 00 00 00 00 00 00 00  |................|
< 00000580  00 00 00 00 00 00 00 00  00 00 00 00 00 00 00 00  |................|
< 00000590  00 00 00 00 00 00 00 00  00 00 00 00 00 00 00 00  |................|
< 000005a0  00 00 00 00 00 00 00 00  00 00 00 00 00 00 00 00  |................|
< 000005b0  00 00 00 00 00 00 00 00  00 00 00 00 00 00 00 00  |................|
< 000005c0  00 00 00 00 00 00 00 00  00 00 00 00 00 00 00 00  |................|
< 000005d0  00 00 00 00 00 00 00 00  00 00 00 00 00 00 00 00  |................|
< 000005e0  00 00 00 00 00 00 00 00  00 00 00 00 00 00 00 00  |................|
< 000005f0  00 00 00 00 00 00 00 00  00 00 00 00 00 00 00 00  |................|
< 00000600  00 00 00 00 00 00 00 00  00 00 00 00 00 00 00 00  |................|
< 00000610  00 00 00 00 00 00 00 00  00 00 00 00 00 00 00 00  |................|
< 00000620  00 00 00 00 00 00 00 00  00 00 00 00 00 00 00 00  |................|
< 00000630  00 00 00 00 00 00 00 00  00 00 00 00 00 00 00 00  |................|
< 00000640  00 00 00 00 00 00 00 00  00 00 00 00 00 00 00 00  |................|
< 00000650  00 00 00 00 00 00 00 00  00 00 00 00 00 00 00 00  |................|
< 00000660  00 00 00 00 00 00 00 00  00 00 00 00 00 00 00 00  |................|
< 00000670  00 00 00 00 00 00 00 00  00 00 00 00 00 00 00 00  |................|
< 00000680  00 00 00 00 00 00 00 00  00 00 00 00 00 00 00 00  |................|
< 00000690  00 00 00 00 00 00 00 00  00 00 00 00 00 00 00 00  |................|
< 000006a0  00 00 00 00 00 00 00 00  00 00 00 00 00 00 00 00  |................|
< 000006b0  00 00 00 00 00 00 00 00  00 00 00 00 00 00 00 00  |................|
< 000006c0  00 00 00 00 00 00 00 00  00 00 00 00 00 00 00 00  |................|
< 000006d0  00 00 00 00 00 00 00 00  00 00 00 00 00 00 00 00  |................|
< 000006e0  00 00 00 00 00 00 00 00  00 00 00 00 00 00 00 00  |................|
< 000006f0  00 00 00 00 00 00 00 00  00 00 00 00 00 00 00 00  |................|
< 00000700  00 00 00 00 00 00 00 00  00 00 00 00 00 00 00 00  |................|
< 00000710  00 00 00 00 00 00 00 00  00 00 00 00 00 00 00 00  |................|
< 00000720  00 00 00 00 00 00 00 00  00 00 00 00 00 00 00 00  |................|
< 00000730  00 00 00 00 00 00 00 00  00 00 00 00 00 00 00 00  |................|
< 00000740  00 00 00 00 00 00 00 00  00 00 00 00 00 00 00 00  |................|
< 00000750  00 00 00 00 00 00 00 00  00 00 00 00 00 00 00 00  |................|
< 00000760  00 00 00 00 00 00 00 00  00 00 00 00 00 00 00 00  |................|
< 00000770  00 00 00 00 00 00 00 00  00 00 00 00 00 00 00 00  |................|
< 00000780  00 00 00 00 00 00 00 00  00 00 00 00 00 00 00 00  |................|
< 00000790  00 00 00 00 00 00 00 00  00 00 00 00 00 00 00 00  |................|
< 000007a0  00 00 00 00 00 00 00 00  00 00 00 00 00 00 00 00  |................|
< 000007b0  00 00 00 00 00 00 00 00  00 00 00 00 00 00 00 00  |................|
< 000007c0  00 00 00 00 00 00 00 00  00 00 00 00 00 00 00 00  |................|
< 000007d0  00 00 00 00 00 00 00 00  00 00 00 00 00 00 00 00  |................|
< 000007e0  00 00 00 00 00 00 00 00  00 00 00 00 00 00 00 00  |................|
< 000007f0  00 00 00 00 00 00 00 00  00 00 00 00 00 00 00 00  |................|
< 00000800  00 00 00 00 00 00 00 00  00 00 00 00 00 00 00 00  |................|
< 00000810  00 00 00 00 00 00 00 00  00 00 00 00 00 00 00 00  |................|
< 00000820  00 00 00 00 00 00 00 00  00 00 00 00 00 00 00 00  |................|
< 00000830  00 00 00 00 00 00 00 00  00 00 00 00 00 00 00 00  |................|
< 00000840  00 00 00 00 00 00 00 00  00 00 00 00 00 00 00 00  |................|
< 00000850  00 00 00 00 00 00 00 00  00 00 00 00 00 00 00 00  |................|
< 00000860  00 00 00 00 00 00 00 00  00 00 00 00 00 00 00 00  |................|
< 00000870  00 00 00 00 00 00 00 00  00 00 00 00 00 00 00 00  |................|
< 00000880  00 00 00 00 00 00 00 00  00 00 00 00 00 00 00 00  |................|
< 00000890  0b 68 01 00 3f 00 01 0b  68 01 00 22 00 01 02 90  |.h..?...h.."....|
< 000008a0  00 00 00 01 03 02 90 00  00 00 21 06 04 54 02 03  |..........!..T..|
< 000008b0  02 08 64 02 00 00 00 0f  04 01 00 00 00 04 09 00  |..d.............|
< 000008c0  0a 02 90 00 00 00 00 04  02 90 00 00 00 00 04 01  |................|
< 000008d0  00 00 00 04 09 ff fb                              |.......|
< 000008d7
